chr6_32647009_GT_G_b38	1	6.17262e-01	1.042e+00	3.249e-02	3.370431	1.0
chr6_32646997_G_GC_b38	1	3.82622e-01	1.039e+00	3.266e-02	3.370431	1.0
chr6_32663085_G_A_b38	2	5.90140e-01	9.738e-01	4.927e-02	-11.221555	1.0
chr6_32666541_C_A_b38	2	8.54548e-02	9.897e-01	4.894e-02	-10.489778	1.0
chr6_32661939_T_C_b38	2	8.03390e-02	9.959e-01	4.882e-02	-11.358706	1.0
chr6_32666625_AAGC_A_b38	2	7.10505e-02	9.874e-01	4.927e-02	-11.356995	1.0
chr6_32666164_A_G_b38	2	5.53856e-02	9.693e-01	4.919e-02	-10.798694	1.0
chr6_32667175_G_T_b38	2	3.00225e-02	9.871e-01	4.911e-02	-10.368657	1.0
chr6_32661873_T_C_b38	2	2.86071e-02	9.930e-01	4.956e-02	-10.194199	1.0
chr6_32666690_C_T_b38	2	2.78236e-02	9.895e-01	4.931e-02	-10.148146	1.0
chr6_32663219_C_T_b38	2	2.04100e-02	9.783e-01	4.942e-02	-11.470126	1.0
chr6_32665309_G_C_b38	2	5.29137e-03	9.869e-01	4.954e-02	-11.343628	1.0
chr6_32666466_G_A_b38	2	3.82294e-03	9.787e-01	4.943e-02	-10.166697	1.0
chr6_32667420_T_C_b38	2	9.57991e-04	9.806e-01	4.988e-02	-11.356995	1.0
chr6_32660630_T_C_b38	2	5.79145e-04	9.739e-01	4.973e-02	-10.143703	1.0
chr6_32658661_A_T_b38	3	3.93465e-01	4.248e-01	5.078e-02	-2.136417	1.0
chr6_32658698_G_A_b38	3	2.62467e-01	4.310e-01	5.117e-02	-2.121339	1.0
chr6_32658495_C_A_b38	3	1.59605e-01	4.292e-01	5.123e-02	-2.112180	1.0
chr6_32658525_T_G_b38	3	1.51300e-01	4.314e-01	5.126e-02	-2.114335	1.0
chr6_32666194_A_G_b38	3	6.08680e-03	1.358e-01	6.641e-02	7.762782	1.0
chr6_32763838_C_T_b38	4	1.09057e-02	2.811e-01	4.577e-02	7.371924	1.0
chr6_32763662_G_A_b38	4	1.03392e-02	2.832e-01	4.581e-02	7.370033	1.0
chr6_32763933_A_G_b38	4	8.57306e-03	2.917e-01	4.613e-02	7.370884	1.0
chr6_32763847_T_G_b38	4	7.72853e-03	2.790e-01	4.597e-02	7.185004	1.0
chr6_32763481_G_A_b38	4	6.90200e-03	2.792e-01	4.634e-02	7.186756	1.0
chr6_32764433_G_A_b38	4	4.38717e-03	2.462e-01	4.754e-02	7.214537	1.0
chr6_32764115_A_C_b38	4	3.26105e-03	2.863e-01	4.598e-02	7.373485	1.0
chr6_32764183_G_A_b38	4	2.84438e-03	2.791e-01	4.597e-02	7.175548	1.0
chr6_32765669_T_C_b38	4	1.73299e-03	2.834e-01	4.587e-02	7.266005	1.0
chr6_32765482_A_G_b38	4	1.73299e-03	2.834e-01	4.587e-02	7.356989	1.0
chr6_32765907_C_T_b38	4	1.71660e-03	2.833e-01	4.587e-02	7.360888	1.0
chr6_32765160_G_A_b38	4	1.44184e-03	2.889e-01	4.599e-02	7.357972	1.0
chr6_32765704_G_A_b38	4	1.21820e-03	2.790e-01	4.597e-02	7.166389	1.0
chr6_32765459_T_A_b38	4	1.15748e-03	2.811e-01	4.601e-02	7.172124	1.0
chr6_32765803_A_G_b38	4	1.10430e-03	2.813e-01	4.607e-02	7.173540	1.0
chr6_32765465_T_A_b38	4	1.08680e-03	2.786e-01	4.607e-02	7.172412	1.0
chr6_32762103_G_A_b38	4	1.05059e-03	1.739e-01	4.779e-02	9.017795	1.0
chr6_32762044_C_A_b38	4	9.91979e-04	1.759e-01	4.798e-02	9.019964	1.0
chr6_32762309_G_A_b38	4	9.30083e-04	1.745e-01	4.786e-02	9.020270	1.0
chr6_32762235_A_G_b38	4	8.98229e-04	1.743e-01	4.786e-02	9.009907	1.0
chr6_32761682_C_T_b38	4	8.98229e-04	1.743e-01	4.786e-02	8.975712	1.0
chr6_32767518_C_T_b38	4	8.77717e-04	2.836e-01	4.587e-02	7.367764	1.0
chr6_32766167_A_G_b38	4	8.70839e-04	2.834e-01	4.587e-02	7.364470	1.0
chr6_32766746_G_A_b38	4	8.70839e-04	2.834e-01	4.587e-02	7.364702	1.0
chr6_32766154_G_A_b38	4	8.70839e-04	2.834e-01	4.587e-02	7.363446	1.0
chr6_32761635_C_A_b38	4	7.25997e-04	1.689e-01	4.787e-02	8.822042	1.0
chr6_32766276_ACT_A_b38	4	6.94601e-04	2.882e-01	4.604e-02	7.375781	1.0
chr6_32761558_T_C_b38	4	6.57332e-04	1.707e-01	4.799e-02	8.826174	1.0
chr6_32761604_CA_C_b38	4	6.53340e-04	1.705e-01	4.801e-02	8.957821	1.0
chr6_32767343_C_T_b38	4	6.47123e-04	2.782e-01	4.587e-02	7.364115	1.0
chr6_32767052_C_T_b38	4	6.24370e-04	2.792e-01	4.597e-02	7.173320	1.0
chr6_32766392_C_T_b38	4	6.20938e-04	2.790e-01	4.597e-02	7.175218	1.0
chr6_32766166_C_T_b38	4	6.00546e-04	2.802e-01	4.606e-02	7.173799	1.0
chr6_32768367_T_A_b38	4	5.85366e-04	1.364e-01	4.690e-02	8.535481	1.0
chr6_32766550_G_A_b38	4	5.65767e-04	2.810e-01	4.611e-02	7.375781	1.0
chr6_32766253_T_C_b38	4	5.58801e-04	2.816e-01	4.607e-02	7.159591	1.0
chr6_32766178_G_GA_b38	4	5.56517e-04	2.813e-01	4.607e-02	7.333507	1.0
chr6_32768326_T_C_b38	4	5.42865e-04	1.355e-01	4.674e-02	8.533141	1.0
chr6_32768078_G_A_b38	4	5.32159e-04	1.433e-01	4.671e-02	8.521086	1.0
chr6_32768084_A_C_b38	4	5.32159e-04	1.433e-01	4.671e-02	8.521086	1.0
chr6_32768477_A_G_b38	4	5.31284e-04	1.429e-01	4.671e-02	8.531416	1.0
chr6_32768228_C_T_b38	4	4.93675e-04	1.243e-01	4.821e-02	7.732835	1.0
chr6_32766535_CATAATT_C_b38	4	4.85644e-04	2.862e-01	4.619e-02	7.375781	1.0
chr6_32761865_G_C_b38	4	4.77002e-04	1.588e-01	5.138e-02	8.990556	1.0
chr6_32768061_G_A_b38	4	4.57031e-04	1.427e-01	4.683e-02	8.522213	1.0
chr6_32767729_T_G_b38	4	4.12610e-04	1.371e-01	4.667e-02	8.542369	1.0
chr6_32767558_A_G_b38	4	4.12610e-04	1.371e-01	4.667e-02	8.279556	1.0
chr6_32767639_A_G_b38	4	4.11917e-04	1.371e-01	4.667e-02	8.536658	1.0
chr6_32766210_G_A_b38	4	4.03445e-04	2.751e-01	4.619e-02	7.162614	1.0
chr6_32760599_G_C_b38	4	4.03351e-04	1.685e-01	4.783e-02	8.817902	1.0
chr6_32760414_C_T_b38	4	3.90567e-04	1.681e-01	4.786e-02	8.813169	1.0
chr6_32760811_C_T_b38	4	3.65862e-04	8.136e-02	5.521e-02	8.816992	1.0
chr6_32760128_A_C_b38	4	3.33166e-04	2.162e-01	4.983e-02	8.821652	1.0
chr6_32767556_G_A_b38	4	3.27005e-04	1.337e-01	4.682e-02	8.370715	1.0
chr6_32759903_A_T_b38	4	3.11127e-04	-1.650e-03	5.475e-02	8.813400	1.0
chr6_32758800_G_T_b38	4	2.91129e-04	1.627e-01	4.801e-02	8.810565	1.0
chr6_32759490_C_G_b38	4	2.72641e-04	1.708e-01	4.762e-02	8.809598	1.0
chr6_32759548_A_G_b38	4	2.65967e-04	1.777e-01	4.761e-02	8.804411	1.0
chr6_32759432_T_G_b38	4	2.63363e-04	1.692e-01	4.806e-02	8.818009	1.0
chr6_32770338_G_A_b38	4	2.49737e-04	1.298e-01	4.674e-02	8.481792	1.0
chr6_32768847_A_G_b38	4	2.48113e-04	1.411e-01	4.678e-02	8.527069	1.0
chr6_32769005_TTTC_T_b38	4	2.23988e-04	1.358e-01	4.662e-02	8.279556	1.0
chr6_32768945_C_T_b38	4	2.20925e-04	1.371e-01	4.665e-02	8.440369	1.0
chr6_32771397_T_A_b38	4	2.18504e-04	1.338e-01	4.675e-02	8.278766	1.0
chr6_32768758_A_C_b38	4	2.17791e-04	1.356e-01	4.675e-02	8.531255	1.0
chr6_32770604_G_A_b38	4	2.16073e-04	1.315e-01	4.666e-02	8.395107	1.0
chr6_32770702_G_A_b38	4	2.16073e-04	1.315e-01	4.666e-02	8.395897	1.0
chr6_32770087_A_G_b38	4	2.16073e-04	1.315e-01	4.666e-02	8.395728	1.0
chr6_32769327_T_A_b38	4	2.14067e-04	1.355e-01	4.656e-02	8.540189	1.0
chr6_32769159_C_T_b38	4	2.14033e-04	1.356e-01	4.656e-02	8.526524	1.0
chr6_32769406_A_C_b38	4	2.14033e-04	1.356e-01	4.656e-02	8.539576	1.0
chr6_32769170_GC_G_b38	4	2.14033e-04	1.356e-01	4.656e-02	8.279556	1.0
chr6_32769617_T_G_b38	4	2.13644e-04	1.355e-01	4.656e-02	8.552587	1.0
chr6_32769372_G_A_b38	4	2.13497e-04	1.355e-01	4.656e-02	8.556372	1.0
chr6_32769717_C_T_b38	4	2.13092e-04	1.355e-01	4.656e-02	8.542607	1.0
chr6_32769201_T_C_b38	4	1.87050e-04	1.371e-01	4.667e-02	8.537239	1.0
chr6_32756528_T_C_b38	4	1.62957e-04	1.798e-01	4.746e-02	8.782223	1.0
chr6_32756540_C_T_b38	4	1.62957e-04	1.798e-01	4.746e-02	8.795493	1.0
chr6_32757746_T_TC_b38	4	1.57406e-04	1.593e-01	4.962e-02	8.938924	1.0
chr6_32756547_T_C_b38	4	1.52421e-04	1.788e-01	4.754e-02	8.773858	1.0
chr6_32753594_C_T_b38	4	1.51619e-04	1.795e-01	4.744e-02	8.805789	1.0
chr6_32754242_T_A_b38	4	1.44698e-04	1.775e-01	4.753e-02	8.817042	1.0
chr6_32757285_T_A_b38	4	1.44671e-04	1.751e-01	4.742e-02	8.817066	1.0
chr6_32753632_TTG_T_b38	4	1.44193e-04	1.758e-01	4.741e-02	8.945124	1.0
chr6_32755709_G_C_b38	4	1.40040e-04	4.109e-03	4.747e-02	9.665078	1.0
chr6_32755741_T_C_b38	4	1.37543e-04	6.289e-03	4.750e-02	9.665078	1.0
chr6_32754837_A_G_b38	4	1.36368e-04	1.769e-01	4.753e-02	8.823442	1.0
chr6_32754848_T_C_b38	4	1.36368e-04	1.769e-01	4.753e-02	8.823442	1.0
chr6_32753574_G_A_b38	4	1.36368e-04	1.769e-01	4.753e-02	8.816638	1.0
chr6_32756284_A_G_b38	4	1.36368e-04	1.769e-01	4.753e-02	8.639838	1.0
chr6_32754834_A_G_b38	4	1.36368e-04	1.769e-01	4.753e-02	8.823442	1.0
chr6_32754358_C_A_b38	4	1.35202e-04	4.404e-03	4.752e-02	9.679744	1.0
chr6_32753644_T_C_b38	4	1.33993e-04	1.818e-02	4.757e-02	9.521055	1.0
chr6_32753797_C_T_b38	4	1.23291e-04	1.898e-01	4.814e-02	8.816869	1.0
chr6_32755582_A_AAG_b38	4	1.23271e-04	1.771e-01	4.752e-02	8.945124	1.0
chr6_32742927_A_G_b38	4	1.20739e-04	1.669e-01	4.911e-02	8.880207	1.0
chr6_32754171_C_T_b38	4	1.20056e-04	5.345e-03	4.739e-02	9.678576	1.0
chr6_32754184_C_T_b38	4	1.19960e-04	5.294e-03	4.739e-02	9.678576	1.0
chr6_32758049_A_G_b38	4	1.19911e-04	1.789e-01	4.750e-02	9.007352	1.0
chr6_32755154_C_T_b38	4	1.19794e-04	5.191e-03	4.739e-02	9.678576	1.0
chr6_32755359_G_A_b38	4	1.19752e-04	5.248e-03	4.739e-02	9.521055	1.0
chr6_32756366_G_A_b38	4	1.19752e-04	5.248e-03	4.739e-02	9.678805	1.0
chr6_32754755_A_C_b38	4	1.19752e-04	5.248e-03	4.739e-02	9.668560	1.0
chr6_32755434_C_A_b38	4	1.19752e-04	5.248e-03	4.739e-02	9.677594	1.0
chr6_32755419_A_C_b38	4	1.19752e-04	5.248e-03	4.739e-02	9.677999	1.0
chr6_32756535_C_G_b38	4	1.19752e-04	5.248e-03	4.739e-02	9.521055	1.0
chr6_32755846_A_G_b38	4	1.19752e-04	5.248e-03	4.739e-02	9.679382	1.0
chr6_32755332_G_C_b38	4	1.19752e-04	5.248e-03	4.739e-02	9.676909	1.0
chr6_32756481_C_T_b38	4	1.19752e-04	5.248e-03	4.739e-02	9.676786	1.0
chr6_32756140_C_T_b38	4	1.19752e-04	5.248e-03	4.739e-02	9.677544	1.0
chr6_32755602_T_G_b38	4	1.19748e-04	5.336e-03	4.740e-02	9.677094	1.0
chr6_32756092_T_C_b38	4	1.19702e-04	5.099e-03	4.740e-02	9.689768	1.0
chr6_32755054_C_T_b38	4	1.19584e-04	5.201e-03	4.740e-02	9.659806	1.0
chr6_32754409_C_A_b38	4	1.18905e-04	5.650e-03	4.746e-02	9.680427	1.0
chr6_32743020_T_C_b38	4	1.17747e-04	1.693e-01	4.806e-02	8.834651	1.0
chr6_32755352_G_A_b38	4	1.16827e-04	9.260e-03	4.748e-02	9.668588	1.0
chr6_32754990_C_G_b38	4	1.16390e-04	1.060e-02	4.735e-02	9.852211	1.0
chr6_32755564_A_G_b38	4	1.16233e-04	7.203e-03	4.748e-02	9.627429	1.0
chr6_32743022_T_C_b38	4	1.15705e-04	1.685e-01	4.806e-02	8.885273	1.0
chr6_32752334_G_A_b38	4	1.11424e-04	3.651e-02	4.910e-02	9.011556	1.0
chr6_32756942_T_C_b38	4	1.11358e-04	1.849e-01	4.794e-02	8.802350	1.0
chr6_32755795_G_A_b38	4	1.11125e-04	3.605e-03	4.763e-02	9.692747	1.0
chr6_32755172_T_C_b38	4	1.08516e-04	3.483e-03	4.743e-02	9.682350	1.0
chr6_32742698_T_C_b38	4	1.03562e-04	1.037e-01	5.375e-02	8.963599	1.0
chr6_32757416_A_G_b38	4	1.02124e-04	1.160e-01	4.927e-02	9.023670	1.0
chr6_32757509_A_T_b38	4	9.70874e-05	1.952e-01	4.829e-02	8.821690	1.0
chr6_32742817_C_G_b38	4	8.94620e-05	1.616e-01	4.740e-02	8.828521	1.0
chr6_32742779_C_T_b38	4	8.90488e-05	1.602e-01	4.729e-02	8.825827	1.0
chr6_32742775_G_A_b38	4	8.90488e-05	1.602e-01	4.729e-02	8.885273	1.0
chr6_32740110_T_G_b38	4	7.63928e-05	1.641e-01	4.710e-02	8.304302	1.0
chr6_32743052_A_G_b38	4	7.58812e-05	1.630e-01	4.737e-02	8.885273	1.0
chr6_32742959_A_G_b38	4	7.53328e-05	1.834e-01	4.877e-02	8.462835	1.0
chr6_32750904_A_G_b38	4	7.38413e-05	1.868e-01	4.738e-02	8.771011	1.0
chr6_32745253_T_C_b38	4	7.31605e-05	1.112e-01	5.238e-02	8.796253	1.0
chr6_32749556_C_T_b38	4	6.12072e-05	1.932e-01	4.769e-02	8.802204	1.0
chr6_32743158_C_T_b38	4	5.97666e-05	1.620e-01	4.717e-02	8.840645	1.0
chr6_32739262_C_T_b38	4	5.85456e-05	1.660e-01	4.709e-02	8.221508	1.0
chr6_32739241_T_C_b38	4	5.85456e-05	1.660e-01	4.709e-02	8.322360	1.0
chr6_32739518_G_T_b38	4	5.85456e-05	1.660e-01	4.709e-02	8.334055	1.0
chr6_32743137_T_TTTG_b38	4	4.64752e-05	1.588e-01	4.742e-02	8.793462	1.0
chr6_32743071_T_G_b38	4	4.63684e-05	1.616e-01	4.736e-02	8.885273	1.0
chr6_32743878_G_C_b38	4	4.59655e-05	1.577e-01	4.737e-02	8.654970	1.0
chr6_32743078_G_A_b38	4	4.54968e-05	1.593e-01	4.758e-02	8.658046	1.0
chr6_32744308_G_T_b38	4	4.52519e-05	1.772e-01	4.806e-02	8.983446	1.0
chr6_32744607_T_C_b38	4	4.31498e-05	1.901e-01	4.729e-02	8.959141	1.0
chr6_32740521_G_A_b38	4	4.00590e-05	5.678e-02	4.741e-02	7.335841	1.0
chr6_32744634_A_C_b38	4	3.97892e-05	1.786e-01	4.756e-02	8.793650	1.0
chr6_32740029_T_C_b38	4	3.96843e-05	5.740e-02	4.707e-02	7.407765	1.0
chr6_32739774_A_G_b38	4	3.96491e-05	5.763e-02	4.707e-02	7.397032	1.0
chr6_32744005_A_G_b38	4	3.95646e-05	5.646e-02	4.743e-02	7.241292	1.0
chr6_32742915_G_T_b38	4	3.95212e-05	5.375e-02	4.864e-02	7.262292	1.0
chr6_32744405_T_C_b38	4	3.94907e-05	2.074e-01	4.893e-02	8.684974	1.0
chr6_32752633_C_T_b38	4	3.94681e-05	1.754e-01	4.755e-02	8.839369	1.0
chr6_32752737_T_A_b38	4	3.94669e-05	1.755e-01	4.755e-02	8.832320	1.0
chr6_32747594_C_G_b38	4	3.94653e-05	1.832e-01	4.721e-02	8.999043	1.0
chr6_32752374_T_C_b38	4	3.94542e-05	1.801e-01	4.763e-02	8.777753	1.0
chr6_32739788_C_T_b38	4	3.94536e-05	5.769e-02	4.706e-02	7.405667	1.0
chr6_32739505_A_G_b38	4	3.94536e-05	5.769e-02	4.706e-02	7.416163	1.0
chr6_32739781_G_A_b38	4	3.94536e-05	5.769e-02	4.706e-02	7.387840	1.0
chr6_32738942_T_C_b38	4	3.94536e-05	5.769e-02	4.706e-02	7.410275	1.0
chr6_32738718_T_A_b38	4	3.94536e-05	5.769e-02	4.706e-02	7.410219	1.0
chr6_32738621_A_C_b38	4	3.94536e-05	5.769e-02	4.706e-02	7.410219	1.0
chr6_32739789_A_G_b38	4	3.94536e-05	5.769e-02	4.706e-02	7.235086	1.0
chr6_32739160_G_C_b38	4	3.93520e-05	5.788e-02	4.707e-02	7.417322	1.0
chr6_32752685_C_T_b38	4	3.93308e-05	1.749e-01	4.759e-02	8.840461	1.0
chr6_32739022_T_C_b38	4	3.93012e-05	5.757e-02	4.706e-02	7.410219	1.0
chr6_32743799_A_C_b38	4	3.92109e-05	1.814e-01	4.747e-02	8.822817	1.0
chr6_32744327_G_A_b38	4	3.88596e-05	2.241e-01	4.823e-02	9.005742	1.0
chr6_32752356_C_A_b38	4	3.88094e-05	5.668e-03	4.709e-02	9.623167	1.0
chr6_32750610_G_T_b38	4	3.86363e-05	8.263e-03	4.747e-02	9.616729	1.0
chr6_32743545_C_G_b38	4	3.82851e-05	1.789e-01	4.721e-02	8.976019	1.0
chr6_32752027_A_G_b38	4	3.79368e-05	1.782e-01	4.743e-02	8.859241	1.0
chr6_32747006_A_T_b38	4	3.76900e-05	1.811e-01	4.747e-02	8.800993	1.0
chr6_32752160_C_G_b38	4	3.73726e-05	1.781e-01	4.731e-02	8.803927	1.0
chr6_32753353_T_C_b38	4	3.73011e-05	1.769e-01	4.753e-02	8.816753	1.0
chr6_32743623_T_C_b38	4	3.71597e-05	1.980e-01	4.774e-02	8.980592	1.0
chr6_32753418_C_T_b38	4	3.69786e-05	1.769e-01	4.753e-02	8.816984	1.0
chr6_32747524_C_G_b38	4	3.68989e-05	6.968e-03	4.723e-02	9.618692	1.0
chr6_32752402_A_C_b38	4	3.68877e-05	2.156e-02	4.706e-02	9.335024	1.0
chr6_32752754_G_A_b38	4	3.68475e-05	1.769e-01	4.739e-02	8.838565	1.0
chr6_32752762_A_C_b38	4	3.68475e-05	1.769e-01	4.739e-02	8.833820	1.0
chr6_32750385_C_T_b38	4	3.68092e-05	1.762e-01	4.758e-02	9.001060	1.0
chr6_32749033_A_G_b38	4	3.67514e-05	1.792e-01	4.736e-02	8.802493	1.0
chr6_32749036_A_G_b38	4	3.67514e-05	1.792e-01	4.736e-02	8.802089	1.0
chr6_32750141_T_A_b38	4	3.67195e-05	1.801e-01	4.754e-02	8.802262	1.0
chr6_32751714_G_T_b38	4	3.63505e-05	1.741e-01	4.752e-02	8.802955	1.0
chr6_32753003_A_G_b38	4	3.63115e-05	5.330e-03	4.740e-02	9.655174	1.0
chr6_32753142_G_A_b38	4	3.62966e-05	5.248e-03	4.739e-02	9.671729	1.0
chr6_32753266_T_C_b38	4	3.62966e-05	5.248e-03	4.739e-02	9.678348	1.0
chr6_32747996_C_T_b38	4	3.58899e-05	8.220e-03	4.718e-02	9.618808	1.0
chr6_32750169_G_A_b38	4	3.58573e-05	8.209e-03	4.718e-02	9.616902	1.0
chr6_32748595_C_A_b38	4	3.58381e-05	8.219e-03	4.718e-02	9.652009	1.0
chr6_32748675_T_G_b38	4	3.58304e-05	1.845e-01	4.769e-02	8.801801	1.0
chr6_32746983_A_G_b38	4	3.57365e-05	1.682e-02	4.742e-02	9.609716	1.0
chr6_32740368_G_A_b38	4	3.55537e-05	5.623e-02	4.743e-02	7.209823	1.0
chr6_32747792_G_T_b38	4	3.55418e-05	1.786e-01	4.745e-02	8.800993	1.0
chr6_32752651_G_GC_b38	4	3.52101e-05	1.638e-01	4.778e-02	8.945124	1.0
chr6_32739177_T_C_b38	4	3.49553e-05	5.257e-02	4.717e-02	7.235086	1.0
chr6_32739173_C_G_b38	4	3.49553e-05	5.257e-02	4.717e-02	7.235086	1.0
chr6_32749925_G_A_b38	4	3.49384e-05	5.835e-03	4.740e-02	9.475598	1.0
chr6_32739182_G_A_b38	4	3.46147e-05	5.244e-02	4.717e-02	7.238191	1.0
chr6_32739197_G_A_b38	4	3.46147e-05	5.244e-02	4.717e-02	7.402105	1.0
chr6_32739196_T_C_b38	4	3.46147e-05	5.244e-02	4.717e-02	7.235086	1.0
chr6_32748069_A_G_b38	4	3.45505e-05	1.778e-01	4.744e-02	8.800993	1.0
chr6_32752400_G_A_b38	4	3.42988e-05	1.773e-01	4.739e-02	8.838115	1.0
chr6_32747117_G_C_b38	4	3.37466e-05	1.887e-01	4.787e-02	8.800993	1.0
chr6_32748060_G_A_b38	4	3.34169e-05	5.736e-03	4.730e-02	9.618808	1.0
chr6_32744470_T_C_b38	4	3.28963e-05	1.852e-01	4.774e-02	8.969344	1.0
chr6_32739859_C_A_b38	4	3.28517e-05	1.769e-01	4.835e-02	8.304200	1.0
chr6_32751291_G_C_b38	4	3.25594e-05	-3.012e-03	4.784e-02	9.617710	1.0
chr6_32749772_T_C_b38	4	3.20651e-05	3.733e-03	4.726e-02	9.618115	1.0
chr6_32744080_T_C_b38	4	1.85224e-05	2.691e-01	4.575e-02	6.354933	1.0
chr6_32742395_GATA_G_b38	4	1.48265e-05	9.490e-02	5.166e-02	9.096257	1.0
chr6_32737374_C_CAT_b38	4	1.30230e-05	1.739e-01	4.711e-02	8.232041	1.0
chr6_32763816_AT_A_b38	5	1.66552e-04	-4.523e-01	9.129e-02	2.933411	1.0
chr6_32765735_C_A_b38	5	1.19915e-05	-5.250e-01	1.063e-01	3.393924	1.0
chr6_32765734_T_A_b38	5	1.19915e-05	-5.250e-01	1.063e-01	3.393924	1.0
chr6_32758219_T_C_b38	5	1.71935e-158	-5.442e-01	1.067e-01	3.410959	1.0
chr6_32735385_A_G_b38	5	1.05471e-158	-5.669e-01	1.063e-01	3.453339	1.0
chr6_32768995_C_T_b38	5	6.78328e-159	-4.500e-01	9.252e-02	3.301943	1.0
chr6_32726265_G_A_b38	5	5.93730e-159	-5.747e-01	1.101e-01	2.918553	1.0
chr6_32746077_G_A_b38	5	5.56015e-159	-5.281e-01	1.059e-01	3.448475	1.0
chr6_32747383_G_A_b38	5	5.56015e-159	-5.281e-01	1.059e-01	3.432423	1.0
chr6_32737188_A_G_b38	5	3.72764e-159	-5.849e-01	1.142e-01	2.439050	1.0
chr6_32723638_C_T_b38	5	5.08357e-161	-4.321e-01	1.063e-01	3.040184	1.0
